class = 0
0.36899998784065247, 0.722000002861023, 0.42800000309944153, 0.6470000147819519, 0.4790000021457672, 0.3330000042915344, 0.609000027179718, 0.4959999918937683, 0.7630000114440918, 0.48100000619888306
class = 1
0.5899999737739563, 0.028999999165534973, 0.2750000059604645, 0.5389999747276306, 0.37700000405311584, 0.46799999475479126, 0.6700000166893005, 0.6290000081062317, 0.7260000109672546, 0.8510000109672546
class = 2
0.6100000143051147, 0.5529999732971191, 0.061000000685453415, 0.6729999780654907, 0.6230000257492065, 0.16200000047683716, 0.628000020980835, 0.2290000021457672, 0.6019999980926514, 0.8069999814033508
class = 3
0.6850000023841858, 0.8220000267028809, 0.4779999852180481, 0.013000000268220901, 0.5350000262260437, 0.6140000224113464, 0.6539999842643738, 0.5460000038146973, 0.722000002861023, 0.41600000858306885
class = 4
0.6480000019073486, 0.7070000171661377, 0.4580000042915344, 0.6029999852180481, 0.05700000002980232, 0.48899999260902405, 0.6740000247955322, 0.5740000009536743, 0.6620000004768372, 0.5879999995231628
class = 5
0.3319999873638153, 0.6129999756813049, 0.3330000042915344, 0.7450000047683716, 0.41600000858306885, 0.14399999380111694, 0.578000009059906, 0.6899999976158142, 0.7910000085830688, 0.703000009059906
class = 6
0.6840000152587891, 0.6129999756813049, 0.4560000002384186, 0.49399998784065247, 0.46000000834465027, 0.4880000054836273, 0.3019999861717224, 0.6499999761581421, 0.503000020980835, 0.8240000009536743
class = 7
0.5849999785423279, 0.7409999966621399, 0.3540000021457672, 0.4860000014305115, 0.6320000290870667, 0.6380000114440918, 0.5249999761581421, 0.3449999988079071, 0.718999981880188, 0.4259999990463257
class = 8
0.7680000066757202, 0.7480000257492065, 0.45500001311302185, 0.19300000369548798, 0.4690000116825104, 0.4749999940395355, 0.7179999947547913, 0.4819999933242798, 0.2619999945163727, 0.7250000238418579
class = 9
0.5540000200271606, 0.8130000233650208, 0.38199999928474426, 0.5289999842643738, 0.5199999809265137, 0.49000000953674316, 0.6169999837875366, 0.4569999873638153, 0.777999997138977, 0.05700000002980232
